--- GPX algorithm results for the problem pr1002.tsp ---

Node_ID    X-coo        Y-coo
1         1150.000000   4000.000000
2         1050.000000   2750.000000
3         1150.000000   2250.000000
4         1250.000000   2050.000000
5         1350.000000   2350.000000
6         1050.000000   1550.000000
7         3350.000000   1700.000000
8         3450.000000   1450.000000
9         3550.000000   1600.000000
10         3950.000000   1700.000000
11         4050.000000   2000.000000
12         4050.000000   2150.000000
13         4250.000000   1650.000000
14         4150.000000   1500.000000
15         4450.000000   1450.000000
16         4400.000000   1700.000000
17         4600.000000   1850.000000
18         4900.000000   1550.000000
19         5100.000000   1550.000000
20         5350.000000   1450.000000
21         4950.000000   1700.000000
22         4850.000000   1900.000000
23         4900.000000   2050.000000
24         5000.000000   2150.000000
25         5100.000000   2050.000000
26         5400.000000   2050.000000
27         5750.000000   2000.000000
28         5900.000000   2050.000000
29         5600.000000   2250.000000
30         5400.000000   2300.000000
31         5250.000000   2250.000000
32         5000.000000   2350.000000
33         5000.000000   2550.000000
34         5050.000000   2800.000000
35         5250.000000   2750.000000
36         5450.000000   2750.000000
37         5400.000000   2950.000000
38         5200.000000   3150.000000
39         5050.000000   3100.000000
40         4950.000000   3300.000000
41         5100.000000   3600.000000
42         5200.000000   3650.000000
43         5350.000000   3750.000000
44         5450.000000   3750.000000
45         5600.000000   3750.000000
46         5600.000000   4250.000000
47         5450.000000   4250.000000
48         5350.000000   4150.000000
49         5050.000000   3800.000000
50         4950.000000   3500.000000
51         4700.000000   3500.000000
52         4400.000000   3700.000000
53         4450.000000   3500.000000
54         4100.000000   3500.000000
55         4150.000000   3300.000000
56         4100.000000   3150.000000
57         4300.000000   3300.000000
58         4500.000000   3150.000000
59         4500.000000   2950.000000
60         4700.000000   3000.000000
61         4700.000000   2800.000000
62         4700.000000   2500.000000
63         4600.000000   2350.000000
64         4550.000000   2500.000000
65         4550.000000   2800.000000
66         4300.000000   2800.000000
67         4100.000000   2950.000000
68         3700.000000   2800.000000
69         3550.000000   2800.000000
70         3400.000000   2700.000000
71         3400.000000   3200.000000
72         3700.000000   3100.000000
73         3550.000000   3300.000000
74         3350.000000   4250.000000
75         3350.000000   4650.000000
76         3250.000000   5200.000000
77         4000.000000   5050.000000
78         4100.000000   4750.000000
79         3950.000000   4650.000000
80         3950.000000   4250.000000
81         4200.000000   4150.000000
82         4200.000000   4550.000000
83         4500.000000   4400.000000
84         4700.000000   4350.000000
85         4700.000000   4750.000000
86         4500.000000   4800.000000
87         4500.000000   4950.000000
88         4350.000000   4750.000000
89         4350.000000   4900.000000
90         4247.000000   5150.000000
91         4354.000000   5256.000000
92         4247.000000   5256.000000
93         4100.000000   5250.000000
94         4100.000000   5350.000000
95         4000.000000   5550.000000
96         4199.000000   5554.000000
97         4305.000000   5554.000000
98         4304.000000   5447.000000
99         4500.000000   5450.000000
100         4500.000000   6050.000000
101         4650.000000   6000.000000
102         4800.000000   6100.000000
103         5050.000000   6050.000000
104         5150.000000   6150.000000
105         5300.000000   6050.000000
106         5400.000000   6050.000000
107         5150.000000   5500.000000
108         5250.000000   5350.000000
109         5300.000000   5150.000000
110         5650.000000   5350.000000
111         5800.000000   5350.000000
112         5650.000000   5500.000000
113         5800.000000   5500.000000
114         5750.000000   5700.000000
115         5750.000000   5850.000000
116         5700.000000   6000.000000
117         5700.000000   6150.000000
118         5550.000000   6000.000000
119         5550.000000   6150.000000
120         6000.000000   6600.000000
121         6000.000000   7000.000000
122         5550.000000   6650.000000
123         5400.000000   6550.000000
124         5300.000000   6450.000000
125         5150.000000   6550.000000
126         5150.000000   7000.000000
127         5050.000000   6550.000000
128         4800.000000   6500.000000
129         4650.000000   6400.000000
130         4500.000000   6550.000000
131         4250.000000   6700.000000
132         4250.000000   6350.000000
133         4250.000000   5950.000000
134         4100.000000   5850.000000
135         3950.000000   5950.000000
136         3800.000000   5950.000000
137         3950.000000   6350.000000
138         3800.000000   6350.000000
139         3250.000000   7000.000000
140         3300.000000   7450.000000
141         3300.000000   7550.000000
142         3900.000000   7850.000000
143         4250.000000   7800.000000
144         4400.000000   7750.000000
145         4250.000000   7300.000000
146         4450.000000   7450.000000
147         4650.000000   7450.000000
148         4550.000000   7650.000000
149         4550.000000   7900.000000
150         4650.000000   8150.000000
151         4400.000000   8250.000000
152         4250.000000   8250.000000
153         4550.000000   8750.000000
154         4550.000000   8950.000000
155         4250.000000   9250.000000
156         4300.000000   9450.000000
157         4500.000000   9750.000000
158         4300.000000   9950.000000
159         4300.000000   10150.000000
160         4100.000000   10150.000000
161         3900.000000   10150.000000
162         4200.000000   9850.000000
163         4050.000000   9700.000000
164         4200.000000   9450.000000
165         4050.000000   9200.000000
166         3900.000000   9250.000000
167         3750.000000   9500.000000
168         3450.000000   9450.000000
169         3300.000000   9350.000000
170         3300.000000   10650.000000
171         3450.000000   10450.000000
172         3750.000000   10500.000000
173         3600.000000   11100.000000
174         3750.000000   11200.000000
175         3750.000000   11400.000000
176         3600.000000   11600.000000
177         3900.000000   11550.000000
178         3900.000000   11400.000000
179         3900.000000   11150.000000
180         4100.000000   11150.000000
181         4300.000000   11150.000000
182         4600.000000   11100.000000
183         4600.000000   10850.000000
184         4550.000000   10550.000000
185         4500.000000   10250.000000
186         5600.000000   9750.000000
187         5600.000000   10250.000000
188         5950.000000   10250.000000
189         6100.000000   10250.000000
190         6250.000000   10200.000000
191         6400.000000   10300.000000
192         6200.000000   10300.000000
193         6150.000000   10400.000000
194         5950.000000   10550.000000
195         5650.000000   10550.000000
196         5600.000000   10850.000000
197         5950.000000   10850.000000
198         6050.000000   11050.000000
199         6150.000000   11050.000000
200         6200.000000   11150.000000
201         5950.000000   11150.000000
202         5600.000000   11100.000000
203         5950.000000   11650.000000
204         6050.000000   11550.000000
205         6450.000000   11550.000000
206         6350.000000   11350.000000
207         6550.000000   11350.000000
208         6500.000000   11150.000000
209         6650.000000   11050.000000
210         6950.000000   11250.000000
211         6950.000000   10650.000000
212         7000.000000   10500.000000
213         7200.000000   10500.000000
214         7200.000000   10200.000000
215         7100.000000   10250.000000
216         7050.000000   10400.000000
217         6900.000000   10450.000000
218         6700.000000   10300.000000
219         6850.000000   10200.000000
220         7000.000000   10050.000000
221         6800.000000   9950.000000
222         7000.000000   9800.000000
223         7100.000000   9750.000000
224         7300.000000   9650.000000
225         7300.000000   9350.000000
226         7300.000000   9150.000000
227         7300.000000   9000.000000
228         7000.000000   9000.000000
229         6900.000000   9000.000000
230         6950.000000   9250.000000
231         6700.000000   9150.000000
232         6800.000000   9350.000000
233         6700.000000   9650.000000
234         6700.000000   9800.000000
235         6600.000000   9800.000000
236         6500.000000   10050.000000
237         6400.000000   10050.000000
238         6200.000000   9950.000000
239         6100.000000   10050.000000
240         6100.000000   9800.000000
241         5950.000000   9750.000000
242         6000.000000   9600.000000
243         6150.000000   9200.000000
244         6250.000000   8950.000000
245         6250.000000   8850.000000
246         6350.000000   8850.000000
247         6150.000000   8600.000000
248         6150.000000   8500.000000
249         6000.000000   8450.000000
250         6000.000000   8600.000000
251         5550.000000   8950.000000
252         5550.000000   8750.000000
253         5650.000000   8150.000000
254         5550.000000   7900.000000
255         5550.000000   7650.000000
256         5650.000000   7450.000000
257         5900.000000   7350.000000
258         5950.000000   7650.000000
259         6000.000000   7850.000000
260         6400.000000   8350.000000
261         6450.000000   8600.000000
262         6500.000000   8700.000000
263         6500.000000   9000.000000
264         6600.000000   9000.000000
265         6699.000000   8856.000000
266         6699.000000   8750.000000
267         6805.000000   8749.000000
268         6750.000000   8600.000000
269         6750.000000   8500.000000
270         6600.000000   8000.000000
271         6900.000000   8350.000000
272         7200.000000   8000.000000
273         7350.000000   7650.000000
274         7000.000000   7350.000000
275         7100.000000   6750.000000
276         7100.000000   6600.000000
277         6800.000000   6000.000000
278         6603.000000   6057.000000
279         6498.000000   6057.000000
280         6604.000000   5950.000000
281         6700.000000   5800.000000
282         6600.000000   5700.000000
283         6550.000000   5500.000000
284         6800.000000   5500.000000
285         7100.000000   5500.000000
286         7100.000000   5100.000000
287         7350.000000   4900.000000
288         7350.000000   4750.000000
289         7350.000000   4150.000000
290         7350.000000   4050.000000
291         7350.000000   3900.000000
292         7350.000000   3800.000000
293         6950.000000   3900.000000
294         6850.000000   3800.000000
295         6850.000000   4050.000000
296         6950.000000   4150.000000
297         6650.000000   4900.000000
298         6700.000000   5050.000000
299         6700.000000   5300.000000
300         6600.000000   5200.000000
301         6250.000000   5500.000000
302         6106.000000   5606.000000
303         5999.000000   5607.000000
304         5998.000000   5500.000000
305         6250.000000   5000.000000
306         6100.000000   4800.000000
307         6000.000000   4450.000000
308         6100.000000   4400.000000
309         6100.000000   4150.000000
310         6000.000000   3950.000000
311         6000.000000   3800.000000
312         5850.000000   3750.000000
313         5750.000000   3450.000000
314         5850.000000   3050.000000
315         6000.000000   3200.000000
316         6000.000000   3300.000000
317         6100.000000   3650.000000
318         6148.000000   3556.000000
319         6148.000000   3450.000000
320         6254.000000   3557.000000
321         6450.000000   3750.000000
322         6450.000000   3650.000000
323         6450.000000   3450.000000
324         6254.000000   3206.000000
325         6148.000000   3206.000000
326         6148.000000   3099.000000
327         6450.000000   2950.000000
328         6450.000000   2800.000000
329         6300.000000   2800.000000
330         6150.000000   2800.000000
331         6000.000000   2800.000000
332         6150.000000   2300.000000
333         6300.000000   2300.000000
334         6450.000000   2300.000000
335         8100.000000   1700.000000
336         8200.000000   1450.000000
337         8300.000000   1600.000000
338         8700.000000   1700.000000
339         8800.000000   2000.000000
340         8800.000000   2150.000000
341         9000.000000   1650.000000
342         8900.000000   1500.000000
343         9200.000000   1450.000000
344         9150.000000   1700.000000
345         9350.000000   1850.000000
346         9650.000000   1550.000000
347         9850.000000   1550.000000
348         10100.000000   1450.000000
349         9700.000000   1700.000000
350         9600.000000   1900.000000
351         9650.000000   2050.000000
352         9750.000000   2150.000000
353         9850.000000   2050.000000
354         10150.000000   2050.000000
355         10500.000000   2000.000000
356         10650.000000   2050.000000
357         10350.000000   2250.000000
358         10150.000000   2300.000000
359         10000.000000   2250.000000
360         9750.000000   2350.000000
361         9750.000000   2550.000000
362         9800.000000   2800.000000
363         10000.000000   2750.000000
364         10200.000000   2750.000000
365         10150.000000   2950.000000
366         9950.000000   3150.000000
367         9800.000000   3100.000000
368         9700.000000   3300.000000
369         9850.000000   3600.000000
370         9950.000000   3650.000000
371         10100.000000   3750.000000
372         10200.000000   3750.000000
373         10350.000000   3750.000000
374         10350.000000   4250.000000
375         10200.000000   4250.000000
376         10100.000000   4150.000000
377         9800.000000   3800.000000
378         9700.000000   3500.000000
379         9450.000000   3500.000000
380         9150.000000   3700.000000
381         9200.000000   3500.000000
382         8850.000000   3500.000000
383         8900.000000   3300.000000
384         8850.000000   3150.000000
385         9050.000000   3300.000000
386         9250.000000   3150.000000
387         9250.000000   2950.000000
388         9450.000000   3000.000000
389         9450.000000   2800.000000
390         9450.000000   2500.000000
391         9350.000000   2350.000000
392         9300.000000   2500.000000
393         9300.000000   2800.000000
394         9050.000000   2800.000000
395         8850.000000   2950.000000
396         8450.000000   2800.000000
397         8300.000000   2800.000000
398         8150.000000   2700.000000
399         8150.000000   3200.000000
400         8450.000000   3100.000000
401         8300.000000   3300.000000
402         8100.000000   4250.000000
403         8100.000000   4650.000000
404         8000.000000   5200.000000
405         8750.000000   5050.000000
406         8850.000000   4750.000000
407         8700.000000   4650.000000
408         8700.000000   4250.000000
409         8950.000000   4150.000000
410         8950.000000   4550.000000
411         9250.000000   4400.000000
412         9450.000000   4350.000000
413         9450.000000   4750.000000
414         9250.000000   4800.000000
415         9250.000000   4950.000000
416         9100.000000   4750.000000
417         9100.000000   4900.000000
418         8997.000000   5150.000000
419         9104.000000   5256.000000
420         8997.000000   5256.000000
421         8850.000000   5250.000000
422         8850.000000   5350.000000
423         8750.000000   5550.000000
424         8949.000000   5554.000000
425         9055.000000   5554.000000
426         9054.000000   5447.000000
427         9250.000000   5450.000000
428         9250.000000   6050.000000
429         9400.000000   6000.000000
430         9550.000000   6100.000000
431         9800.000000   6050.000000
432         9900.000000   6150.000000
433         10050.000000   6050.000000
434         10150.000000   6050.000000
435         9900.000000   5500.000000
436         10000.000000   5350.000000
437         10050.000000   5150.000000
438         10400.000000   5350.000000
439         10550.000000   5350.000000
440         10400.000000   5500.000000
441         10550.000000   5500.000000
442         10500.000000   5700.000000
443         10500.000000   5850.000000
444         10450.000000   6000.000000
445         10450.000000   6150.000000
446         10300.000000   6000.000000
447         10300.000000   6150.000000
448         10750.000000   6600.000000
449         10750.000000   7000.000000
450         10300.000000   6650.000000
451         10150.000000   6550.000000
452         10050.000000   6450.000000
453         9900.000000   6550.000000
454         9900.000000   7000.000000
455         9800.000000   6550.000000
456         9550.000000   6500.000000
457         9400.000000   6400.000000
458         9250.000000   6550.000000
459         9000.000000   6700.000000
460         9000.000000   6350.000000
461         9000.000000   5950.000000
462         8850.000000   5850.000000
463         8700.000000   5950.000000
464         8550.000000   5950.000000
465         8700.000000   6350.000000
466         8550.000000   6350.000000
467         8000.000000   7000.000000
468         8050.000000   7450.000000
469         8050.000000   7550.000000
470         8650.000000   7850.000000
471         9000.000000   7800.000000
472         9150.000000   7750.000000
473         9000.000000   7300.000000
474         9200.000000   7450.000000
475         9400.000000   7450.000000
476         9300.000000   7650.000000
477         9300.000000   7900.000000
478         9400.000000   8150.000000
479         9150.000000   8250.000000
480         9000.000000   8250.000000
481         9300.000000   8750.000000
482         9300.000000   8950.000000
483         9000.000000   9250.000000
484         9050.000000   9450.000000
485         9250.000000   9750.000000
486         9050.000000   9950.000000
487         9050.000000   10150.000000
488         8850.000000   10150.000000
489         8650.000000   10150.000000
490         8950.000000   9850.000000
491         8800.000000   9700.000000
492         8950.000000   9450.000000
493         8800.000000   9200.000000
494         8650.000000   9250.000000
495         8500.000000   9500.000000
496         8200.000000   9450.000000
497         8050.000000   9350.000000
498         8050.000000   10650.000000
499         8200.000000   10450.000000
500         8500.000000   10500.000000
501         8350.000000   11100.000000
502         8500.000000   11200.000000
503         8500.000000   11400.000000
504         8350.000000   11600.000000
505         8650.000000   11550.000000
506         8650.000000   11400.000000
507         8650.000000   11150.000000
508         8850.000000   11150.000000
509         9050.000000   11150.000000
510         9350.000000   11100.000000
511         9350.000000   10850.000000
512         9300.000000   10550.000000
513         9250.000000   10250.000000
514         10350.000000   9750.000000
515         10350.000000   10250.000000
516         10700.000000   10250.000000
517         10850.000000   10250.000000
518         11000.000000   10200.000000
519         11150.000000   10300.000000
520         10950.000000   10300.000000
521         10900.000000   10400.000000
522         10700.000000   10550.000000
523         10400.000000   10550.000000
524         10350.000000   10850.000000
525         10700.000000   10850.000000
526         10800.000000   11050.000000
527         10900.000000   11050.000000
528         10950.000000   11150.000000
529         10700.000000   11150.000000
530         10350.000000   11100.000000
531         10700.000000   11650.000000
532         10800.000000   11550.000000
533         11200.000000   11550.000000
534         11100.000000   11350.000000
535         11300.000000   11350.000000
536         11250.000000   11150.000000
537         11400.000000   11050.000000
538         11700.000000   11250.000000
539         11700.000000   10650.000000
540         11750.000000   10500.000000
541         11950.000000   10500.000000
542         11950.000000   10200.000000
543         11850.000000   10250.000000
544         11800.000000   10400.000000
545         11650.000000   10450.000000
546         11450.000000   10300.000000
547         11600.000000   10200.000000
548         11750.000000   10050.000000
549         11550.000000   9950.000000
550         11750.000000   9800.000000
551         11850.000000   9750.000000
552         12050.000000   9650.000000
553         12050.000000   9350.000000
554         12050.000000   9150.000000
555         12050.000000   9000.000000
556         11750.000000   9000.000000
557         11650.000000   9000.000000
558         11700.000000   9250.000000
559         11450.000000   9150.000000
560         11550.000000   9350.000000
561         11450.000000   9650.000000
562         11450.000000   9800.000000
563         11350.000000   9800.000000
564         11250.000000   10050.000000
565         11150.000000   10050.000000
566         10950.000000   9950.000000
567         10850.000000   10050.000000
568         10850.000000   9800.000000
569         10700.000000   9750.000000
570         10750.000000   9600.000000
571         10900.000000   9200.000000
572         11000.000000   8950.000000
573         11000.000000   8850.000000
574         11100.000000   8850.000000
575         10900.000000   8600.000000
576         10900.000000   8500.000000
577         10750.000000   8450.000000
578         10750.000000   8600.000000
579         10300.000000   8950.000000
580         10300.000000   8750.000000
581         10400.000000   8150.000000
582         10300.000000   7900.000000
583         10300.000000   7650.000000
584         10400.000000   7450.000000
585         10650.000000   7350.000000
586         10700.000000   7650.000000
587         10750.000000   7850.000000
588         11150.000000   8350.000000
589         11200.000000   8600.000000
590         11250.000000   8700.000000
591         11250.000000   9000.000000
592         11350.000000   9000.000000
593         11449.000000   8856.000000
594         11449.000000   8750.000000
595         11555.000000   8749.000000
596         11500.000000   8600.000000
597         11500.000000   8500.000000
598         11350.000000   8000.000000
599         11650.000000   8350.000000
600         11950.000000   8000.000000
601         12100.000000   7650.000000
602         11750.000000   7350.000000
603         11850.000000   6750.000000
604         11850.000000   6600.000000
605         11550.000000   6000.000000
606         11353.000000   6057.000000
607         11248.000000   6057.000000
608         11354.000000   5950.000000
609         11450.000000   5800.000000
610         11350.000000   5700.000000
611         11300.000000   5500.000000
612         11550.000000   5500.000000
613         11850.000000   5500.000000
614         11850.000000   5100.000000
615         12100.000000   4900.000000
616         12100.000000   4750.000000
617         12100.000000   4150.000000
618         12100.000000   4050.000000
619         12100.000000   3900.000000
620         12100.000000   3800.000000
621         11700.000000   3900.000000
622         11600.000000   3800.000000
623         11600.000000   4050.000000
624         11700.000000   4150.000000
625         11400.000000   4900.000000
626         11450.000000   5050.000000
627         11450.000000   5300.000000
628         11350.000000   5200.000000
629         11000.000000   5500.000000
630         10856.000000   5606.000000
631         10749.000000   5607.000000
632         10748.000000   5500.000000
633         11000.000000   5000.000000
634         10850.000000   4800.000000
635         10750.000000   4450.000000
636         10850.000000   4400.000000
637         10850.000000   4150.000000
638         10750.000000   3950.000000
639         10750.000000   3800.000000
640         10600.000000   3750.000000
641         10500.000000   3450.000000
642         10600.000000   3050.000000
643         10750.000000   3200.000000
644         10750.000000   3300.000000
645         10850.000000   3650.000000
646         10898.000000   3556.000000
647         10898.000000   3450.000000
648         11004.000000   3557.000000
649         11200.000000   3750.000000
650         11200.000000   3650.000000
651         11200.000000   3450.000000
652         11004.000000   3206.000000
653         10898.000000   3206.000000
654         10898.000000   3099.000000
655         11200.000000   2950.000000
656         11200.000000   2800.000000
657         11050.000000   2800.000000
658         10900.000000   2800.000000
659         10750.000000   2800.000000
660         10900.000000   2300.000000
661         11050.000000   2300.000000
662         11200.000000   2300.000000
663         12850.000000   1700.000000
664         12950.000000   1450.000000
665         13050.000000   1600.000000
666         13450.000000   1700.000000
667         13550.000000   2000.000000
668         13550.000000   2150.000000
669         13750.000000   1650.000000
670         13650.000000   1500.000000
671         13950.000000   1450.000000
672         13900.000000   1700.000000
673         14100.000000   1850.000000
674         14400.000000   1550.000000
675         14600.000000   1550.000000
676         14850.000000   1450.000000
677         14450.000000   1700.000000
678         14350.000000   1900.000000
679         14400.000000   2050.000000
680         14500.000000   2150.000000
681         14600.000000   2050.000000
682         14900.000000   2050.000000
683         15250.000000   2000.000000
684         15400.000000   2050.000000
685         15100.000000   2250.000000
686         14900.000000   2300.000000
687         14750.000000   2250.000000
688         14500.000000   2350.000000
689         14500.000000   2550.000000
690         14550.000000   2800.000000
691         14750.000000   2750.000000
692         14950.000000   2750.000000
693         14900.000000   2950.000000
694         14700.000000   3150.000000
695         14550.000000   3100.000000
696         14450.000000   3300.000000
697         14600.000000   3600.000000
698         14700.000000   3650.000000
699         14850.000000   3750.000000
700         14950.000000   3750.000000
701         15100.000000   3750.000000
702         15100.000000   4250.000000
703         14950.000000   4250.000000
704         14850.000000   4150.000000
705         14550.000000   3800.000000
706         14450.000000   3500.000000
707         14200.000000   3500.000000
708         13900.000000   3700.000000
709         13950.000000   3500.000000
710         13600.000000   3500.000000
711         13650.000000   3300.000000
712         13600.000000   3150.000000
713         13800.000000   3300.000000
714         14000.000000   3150.000000
715         14000.000000   2950.000000
716         14200.000000   3000.000000
717         14200.000000   2800.000000
718         14200.000000   2500.000000
719         14100.000000   2350.000000
720         14050.000000   2500.000000
721         14050.000000   2800.000000
722         13800.000000   2800.000000
723         13600.000000   2950.000000
724         13200.000000   2800.000000
725         13050.000000   2800.000000
726         12900.000000   2700.000000
727         12900.000000   3200.000000
728         13200.000000   3100.000000
729         13050.000000   3300.000000
730         12850.000000   4250.000000
731         12850.000000   4650.000000
732         12750.000000   5200.000000
733         13500.000000   5050.000000
734         13600.000000   4750.000000
735         13450.000000   4650.000000
736         13450.000000   4250.000000
737         13700.000000   4150.000000
738         13700.000000   4550.000000
739         14000.000000   4400.000000
740         14200.000000   4350.000000
741         14200.000000   4750.000000
742         14000.000000   4800.000000
743         14000.000000   4950.000000
744         13850.000000   4750.000000
745         13850.000000   4900.000000
746         13747.000000   5150.000000
747         13854.000000   5256.000000
748         13747.000000   5256.000000
749         13600.000000   5250.000000
750         13600.000000   5350.000000
751         13500.000000   5550.000000
752         13699.000000   5554.000000
753         13805.000000   5554.000000
754         13804.000000   5447.000000
755         14000.000000   5450.000000
756         14000.000000   6050.000000
757         14150.000000   6000.000000
758         14300.000000   6100.000000
759         14550.000000   6050.000000
760         14650.000000   6150.000000
761         14800.000000   6050.000000
762         14900.000000   6050.000000
763         14650.000000   5500.000000
764         14750.000000   5350.000000
765         14800.000000   5150.000000
766         15150.000000   5350.000000
767         15300.000000   5350.000000
768         15150.000000   5500.000000
769         15300.000000   5500.000000
770         15250.000000   5700.000000
771         15250.000000   5850.000000
772         15200.000000   6000.000000
773         15200.000000   6150.000000
774         15050.000000   6000.000000
775         15050.000000   6150.000000
776         15500.000000   6600.000000
777         15500.000000   7000.000000
778         15050.000000   6650.000000
779         14900.000000   6550.000000
780         14800.000000   6450.000000
781         14650.000000   6550.000000
782         14650.000000   7000.000000
783         14550.000000   6550.000000
784         14300.000000   6500.000000
785         14150.000000   6400.000000
786         14000.000000   6550.000000
787         13750.000000   6700.000000
788         13750.000000   6350.000000
789         13750.000000   5950.000000
790         13600.000000   5850.000000
791         13450.000000   5950.000000
792         13300.000000   5950.000000
793         13450.000000   6350.000000
794         13300.000000   6350.000000
795         12750.000000   7000.000000
796         12800.000000   7450.000000
797         12800.000000   7550.000000
798         13400.000000   7850.000000
799         13750.000000   7800.000000
800         13900.000000   7750.000000
801         13750.000000   7300.000000
802         13950.000000   7450.000000
803         14150.000000   7450.000000
804         14050.000000   7650.000000
805         14050.000000   7900.000000
806         14150.000000   8150.000000
807         13900.000000   8250.000000
808         13750.000000   8250.000000
809         14050.000000   8750.000000
810         14050.000000   8950.000000
811         13750.000000   9250.000000
812         13800.000000   9450.000000
813         14000.000000   9750.000000
814         13800.000000   9950.000000
815         13800.000000   10150.000000
816         13600.000000   10150.000000
817         13400.000000   10150.000000
818         13700.000000   9850.000000
819         13550.000000   9700.000000
820         13700.000000   9450.000000
821         13550.000000   9200.000000
822         13400.000000   9250.000000
823         13250.000000   9500.000000
824         12950.000000   9450.000000
825         12800.000000   9350.000000
826         12800.000000   10650.000000
827         12950.000000   10450.000000
828         13250.000000   10500.000000
829         13100.000000   11100.000000
830         13250.000000   11200.000000
831         13250.000000   11400.000000
832         13100.000000   11600.000000
833         13400.000000   11550.000000
834         13400.000000   11400.000000
835         13400.000000   11150.000000
836         13600.000000   11150.000000
837         13800.000000   11150.000000
838         14100.000000   11100.000000
839         14100.000000   10850.000000
840         14050.000000   10550.000000
841         14000.000000   10250.000000
842         15100.000000   9750.000000
843         15100.000000   10250.000000
844         15450.000000   10250.000000
845         15600.000000   10250.000000
846         15750.000000   10200.000000
847         15900.000000   10300.000000
848         15700.000000   10300.000000
849         15650.000000   10400.000000
850         15450.000000   10550.000000
851         15150.000000   10550.000000
852         15100.000000   10850.000000
853         15450.000000   10850.000000
854         15550.000000   11050.000000
855         15650.000000   11050.000000
856         15700.000000   11150.000000
857         15450.000000   11150.000000
858         15100.000000   11100.000000
859         15450.000000   11650.000000
860         15550.000000   11550.000000
861         15950.000000   11550.000000
862         15850.000000   11350.000000
863         16050.000000   11350.000000
864         16000.000000   11150.000000
865         16150.000000   11050.000000
866         16450.000000   11250.000000
867         16450.000000   10650.000000
868         16500.000000   10500.000000
869         16700.000000   10500.000000
870         16700.000000   10200.000000
871         16600.000000   10250.000000
872         16550.000000   10400.000000
873         16400.000000   10450.000000
874         16200.000000   10300.000000
875         16350.000000   10200.000000
876         16500.000000   10050.000000
877         16300.000000   9950.000000
878         16500.000000   9800.000000
879         16600.000000   9750.000000
880         16800.000000   9650.000000
881         16800.000000   9350.000000
882         16800.000000   9150.000000
883         16800.000000   9000.000000
884         16500.000000   9000.000000
885         16400.000000   9000.000000
886         16450.000000   9250.000000
887         16200.000000   9150.000000
888         16300.000000   9350.000000
889         16200.000000   9650.000000
890         16200.000000   9800.000000
891         16100.000000   9800.000000
892         16000.000000   10050.000000
893         15900.000000   10050.000000
894         15700.000000   9950.000000
895         15600.000000   10050.000000
896         15600.000000   9800.000000
897         15450.000000   9750.000000
898         15500.000000   9600.000000
899         15650.000000   9200.000000
900         15750.000000   8950.000000
901         15750.000000   8850.000000
902         15850.000000   8850.000000
903         15650.000000   8600.000000
904         15650.000000   8500.000000
905         15500.000000   8450.000000
906         15500.000000   8600.000000
907         15050.000000   8950.000000
908         15050.000000   8750.000000
909         15150.000000   8150.000000
910         15050.000000   7900.000000
911         15050.000000   7650.000000
912         15150.000000   7450.000000
913         15400.000000   7350.000000
914         15450.000000   7650.000000
915         15500.000000   7850.000000
916         15900.000000   8350.000000
917         15950.000000   8600.000000
918         16000.000000   8700.000000
919         16000.000000   9000.000000
920         16100.000000   9000.000000
921         16199.000000   8856.000000
922         16199.000000   8750.000000
923         16305.000000   8749.000000
924         16250.000000   8600.000000
925         16250.000000   8500.000000
926         16100.000000   8000.000000
927         16400.000000   8350.000000
928         16700.000000   8000.000000
929         16850.000000   7650.000000
930         16500.000000   7350.000000
931         16600.000000   6750.000000
932         16600.000000   6600.000000
933         16300.000000   6000.000000
934         16103.000000   6057.000000
935         15998.000000   6057.000000
936         16104.000000   5950.000000
937         16200.000000   5800.000000
938         16100.000000   5700.000000
939         16050.000000   5500.000000
940         16300.000000   5500.000000
941         16600.000000   5500.000000
942         16600.000000   5100.000000
943         16850.000000   4900.000000
944         16850.000000   4750.000000
945         16850.000000   4150.000000
946         16850.000000   4050.000000
947         16850.000000   3900.000000
948         16850.000000   3800.000000
949         16450.000000   3900.000000
950         16350.000000   3800.000000
951         16350.000000   4050.000000
952         16450.000000   4150.000000
953         16150.000000   4900.000000
954         16200.000000   5050.000000
955         16200.000000   5300.000000
956         16100.000000   5200.000000
957         15750.000000   5500.000000
958         15606.000000   5606.000000
959         15499.000000   5607.000000
960         15498.000000   5500.000000
961         15750.000000   5000.000000
962         15600.000000   4800.000000
963         15500.000000   4450.000000
964         15600.000000   4400.000000
965         15600.000000   4150.000000
966         15500.000000   3950.000000
967         15500.000000   3800.000000
968         15350.000000   3750.000000
969         15250.000000   3450.000000
970         15350.000000   3050.000000
971         15500.000000   3200.000000
972         15500.000000   3300.000000
973         15600.000000   3650.000000
974         15648.000000   3556.000000
975         15648.000000   3450.000000
976         15754.000000   3557.000000
977         15950.000000   3750.000000
978         15950.000000   3650.000000
979         15950.000000   3450.000000
980         15754.000000   3206.000000
981         15648.000000   3206.000000
982         15648.000000   3099.000000
983         15950.000000   2950.000000
984         15950.000000   2800.000000
985         15800.000000   2800.000000
986         15650.000000   2800.000000
987         15500.000000   2800.000000
988         15650.000000   2300.000000
989         15800.000000   2300.000000
990         15950.000000   2300.000000
991         6450.000000   4950.000000
992         11200.000000   4950.000000
993         15950.000000   4950.000000
994         5050.000000   5750.000000
995         5050.000000   8450.000000
996         5050.000000   11650.000000
997         9800.000000   5750.000000
998         9800.000000   8450.000000
999         9800.000000   11650.000000
1000         14550.000000   5750.000000
1001         14550.000000   8450.000000
1002         14550.000000   11650.000000

Size of tour: 1002
MST Length: 224214.468268
MST Execution Time: 0.013425 seconds

Number of unique elements: 1002

---Final Tour---
600 568 623 819 69 876 787 32 515 293 409 872 51 628 222 203 972 737 820 791 781 191 762 997 213 435 433 321 187 526 243 474 179 959 873 919 704 812 323 374 880 663 512 940 977 394 242 219 782 124 65 618 340 673 233 373 215 127 345 334 469 562 761 655 29 555 273 2 684 134 241 236 924 735 459 221 98 165 567 14 509 295 214 73 360 169 921 770 260 309 110 77 678 151 307 952 931 369 918 501 745 720 484 44 197 102 387 379 915 929 523 95 104 209 357 832 992 80 103 713 980 808 800 942 395 157 868 267 190 10 683 403 837 332 497 598 481 828 272 686 228 231 679 983 493 16 262 76 855 142 248 101 244 503 882 377 42 452 442 300 809 192 561 986 353 637 494 266 443 798 736 632 5 145 908 460 654 472 885 749 430 635 506 731 644 892 346 147 795 862 285 961 485 40 769 121 639 805 987 706 896 566 427 150 651 498 752 68 335 587 797 88 20 682 90 730 92 548 605 314 505 932 923 845 645 422 210 601 176 996 588 398 949 589 211 609 327 502 838 445 708 625 899 513 283 201 343 898 52 894 304 366 108 780 454 734 227 560 667 728 705 718 592 549 815 471 643 579 969 938 864 719 616 539 724 547 426 246 591 200 25 168 438 478 793 317 806 292 277 545 202 449 878 279 690 694 974 984 94 79 429 120 991 538 557 412 480 234 253 3 930 814 370 860 13 552 970 725 507 550 47 790 858 288 641 232 967 692 348 638 9 441 11 235 458 582 162 656 956 577 450 62 396 546 60 184 955 72 622 18 6 668 225 658 383 423 794 968 316 464 467 59 829 998 34 722 347 416 910 759 226 470 558 599 392 660 282 859 744 356 965 914 926 636 421 840 276 160 693 906 677 586 355 240 181 941 982 115 140 755 822 978 746 893 1002 341 834 531 281 359 269 971 297 934 768 888 284 933 775 206 331 810 917 583 520 817 363 640 580 802 420 418 33 113 322 358 711 444 950 627 319 604 571 486 483 612 887 415 82 367 947 902 544 537 783 74 130 551 75 218 338 329 247 463 268 528 774 593 229 37 207 847 328 1 89 594 35 368 948 354 889 384 676 99 287 699 57 900 779 624 727 700 275 333 364 440 854 375 703 675 764 371 543 402 349 186 425 324 424 603 477 697 212 270 167 156 298 296 238 252 827 957 732 757 53 178 289 585 419 766 24 129 569 155 877 865 615 31 96 937 1000 742 251 773 626 685 514 114 411 521 30 739 196 48 570 565 264 803 824 709 657 916 194 944 397 874 171 170 326 519 436 4 754 12 306 185 337 518 325 455 788 776 979 131 259 294 381 149 534 758 621 532 22 311 388 161 554 230 97 407 830 401 271 250 920 846 510 330 841 112 119 844 647 666 352 38 21 55 70 818 117 126 163 26 698 413 629 84 789 863 665 634 897 985 530 141 687 849 166 578 927 393 439 813 434 951 66 71 922 189 7 148 563 183 315 83 290 107 182 964 175 362 672 495 852 772 573 336 308 27 239 154 801 105 886 404 842 527 721 653 237 642 777 208 86 695 476 23 804 750 966 118 939 491 631 912 707 261 904 954 417 255 596 741 674 953 843 670 106 619 85 361 620 943 198 756 973 312 633 976 903 482 826 524 541 553 771 508 869 529 875 63 50 339 778 884 823 489 614 303 649 751 743 816 204 726 610 122 958 100 109 1001 28 575 137 891 945 680 576 376 650 990 867 825 760 180 611 652 901 607 584 533 536 602 216 15 540 153 905 723 811 833 305 199 152 851 389 608 740 406 850 350 646 133 883 132 135 831 258 177 981 564 999 590 299 839 856 43 224 437 465 516 753 490 93 617 525 456 143 17 144 372 648 701 963 19 249 988 928 671 499 205 572 696 223 542 994 714 989 291 468 382 681 158 733 835 895 125 785 245 39 688 174 504 116 581 280 67 451 689 712 975 461 473 517 821 136 492 792 45 597 457 881 664 138 432 453 399 662 302 351 193 54 786 475 496 431 535 8 511 613 378 365 56 866 715 935 64 254 400 710 861 574 913 217 380 630 111 799 58 659 81 405 128 173 871 41 61 342 274 446 46 320 748 146 91 278 669 936 853 123 414 265 716 466 301 410 488 139 925 909 907 220 784 807 702 993 765 408 870 310 390 717 857 738 890 747 962 691 263 385 188 960 879 49 286 164 763 448 796 836 500 391 78 313 995 911 318 487 462 344 87 729 36 661 386 479 256 447 159 559 767 556 848 946 522 428 172 595 606 257 195 600

Final Tour Length: 6246036.736696

Tour vs MST Comparison:
  - MST Length: 224214.468268
  - Tour Length: 6246036.736696
  - Difference: 2685.74%

---Execution Time---
16.510491 seconds
